3325,906
9506,970
7275,471
1098,213
2232,554
3862,658
6229,626
9499,304
7461,965
6530,531
7841,741
2548,692
1623,522
9414,641
2362,910
4030,355
3312,797
3805,419
3015,992
1583,862
852,235
2448,968
7157,688
6386,192
7198,290
3790,518
5372,807
1512,672
7433,147
5757,466
1580,661
5516,791
4761,531
7725,200
7660,163
6270,300
1902,942
8920,216
1095,828
6418,493
9955,523
1864,693
4150,392
4206,277
446,892
3010,535
7348,37
4696,935
2643,137
6767,723
9399,953
5299,514
2810,730
7342,534
7370,56
747,877
9183,200
222,147
2855,222
9456,419
7541,684
5858,564
5865,876
4634,222
1200,114
3312,764
5535,135
9666,431
6181,865
9904,140
5095,917
8729,714
30,328
5363,728
1760,618
9402,775
8016,885
5978,335
3778,85
952,744
1098,418
8559,237
670,325
7310,41
9383,924
1692,93
1330,509
5608,947
2709,96
6621,699
8343,559
5752,643
5656,613
593,964
9844,364
4517,682
5404,172
4117,28
5551,81
7988,381
8791,311
8186,761
6812,858
8839,695
6613,512
8690,214
5855,551
5974,486
4504,395
4837,837
6114,47
7661,23
5707,325
8084,727
4747,687
7273,573
9618,960
4094,476
4465,306
3381,77
190,741
4419,141
358,218
7138,345
4149,982
1811,313
4283,885
6508,260
2338,645
5703,649
144,729
8184,902
5308,252
7090,193
1105,651
832,527
4179,357
288,983
7362,122
3770,545
8791,87
6404,423
4586,451
309,158
5346,347
2277,679
6489,101
9245,122
9440,766
4976,722
5549,727
3229,612
2017,959
834,870
4959,911
6519,362
4533,111
862,737
1118,871
7647,548
7783,267
5863,686
436,565
3239,665
6827,604
9355,573
9455,457
8287,644
7434,687
5371,420
4882,479
754,173
2228,740
1615,668
1869,265
2121,452
916,319
3657,426
3905,757
2589,437
5205,944
9245,346
5731,834
4297,624
5562,588
6658,159
694,815
7861,730
7571,225
550,635
9635,368
6406,81
6563,933
980,342
7914,336
8629,412
9705,207
2754,290
3388,730
1909,256
3624,343
4604,646
2961,521
8929,946
3006,604
447,742
6928,181
8039,661
6736,476
174,662
3285,35
2271,594
8008,181
9166,621
1528,365
1492,830
6481,230
8894,430
8005,342
5166,819
7729,95
3969,360
6513,922
9925,323
8641,227
1689,525
896,705
9467,850
7188,383
764,495
758,383
3545,557
4074,886
972,452
5279,959
8166,443
4277,620
5783,500
1074,357
2171,486
2831,57
4975,138
9725,272
6607,763
8487,720
9672,235
2718,540
8683,372
9007,631
6436,736
6818,342
375,445
4737,189
4064,624
5272,909
7818,83
3496,650
1211,287
6969,804
6143,93
8894,464
2877,143
1443,357
5027,521
1056,615
9477,397
2860,318
4992,659
2136,822
5909,28
3266,782
549,145
479,932
5259,792
571,159
7678,621
9268,276
4433,964
97,879
7941,894
6189,911
6210,835
7660,66
3297,278
6646,151
5016,464
36,503
58,239
3646,96
8621,54
4691,602
1574,867
4594,644
9062,533
9961,523
6240,973
5842,929
4279,753
6850,461
876,913
9250,144
1012,134
8194,435
4318,180
2546,653
8939,163
3454,606
123,255
6333,63
7831,511
7017,760
9420,447
5518,588
1231,283
1293,49
3974,420
3104,876
826,709
6939,979
8586,444
6719,21
5837,173
5388,143
6026,452
977,11
7656,949
3283,838
8496,459
2366,356
4445,461
4330,43
5278,697
8285,832
9652,297
7329,955
7814,97
6437,451
8860,294
6498,666
7091,183
8739,65
4023,763
4510,660
3672,527
7564,311
629,933
2526,988
2182,653
547,933
7417,290
6671,810
1366,537
4964,19
3829,309
4568,223
8765,657
2837,537
9492,804
6348,860
4970,11
9369,475
8689,634
8989,359
2337,707
626,838
5999,966
8074,402
594,440
9531,548
4591,869
4849,978
9497,508
1617,969
6701,735
5816,577
3840,173
7440,491
5828,431
5853,418
6852,364
6405,172
2785,265
1683,53
1086,176
4643,309
3932,841
6971,816
6691,47
7216,830
8445,723
550,634
8526,154
3347,937
3085,516
9642,996
6239,857
4492,224
3661,399
5318,357
7842,569
5900,252
6420,311
4761,503
2050,21
3271,712
7286,541
3596,622
552,473
1786,154
9649,18
9745,824
7603,3
5601,315
3057,607
1761,995
244,428
1361,357
6807,950
9748,280
3564,874
8294,655
3766,646
8566,548
7308,972
5692,259
8504,303
8103,449
7085,515
9691,969
4056,870
7285,250
874,116
6187,319
9613,639
2509,371
7715,915
3336,452
1183,584
4245,133
8193,136
9299,518
4363,72
3133,716
4917,280
290,157
1969,924
564,584
9580,881
2437,927
1485,468
4519,46
9070,500
922,457
7477,630
8745,674
63,918
911,77
3708,737
7857,936
8106,747
4633,992
5639,790
6655,311
4849,241
1230,384
3048,219
2239,781
76,792
7321,42
5820,831
3017,496
7659,395
3930,41
2497,848
3115,604
1203,565
6843,80
8325,759
4390,437
9153,670
3304,623
2303,253
3945,828
7386,131
4381,264
643,83
5752,582
2289,637
385,175
3236,362
9756,885
1537,801
3117,340
6494,413
2524,543
3614,714
7552,252
6999,751
5741,274
6743,704
8263,12
5552,784
1917,252
423,148
5957,378
1197,73
4747,937
2150,307
2683,432
1320,589
1255,812
1688,431
8161,984
4937,398
2714,81
8235,245
7090,808
4081,93
6432,697
3548,799
8154,660
5857,131
2630,901
9741,21
7671,941
5335,869
1196,160
5098,664
6564,956
5491,369
1026,239
5676,630
938,302
4747,70
1476,604
2763,265
9527,775
2091,652
6353,480
7970,153
9631,530
879,472
3247,851
5045,563
3227,695
9676,101
165,971
7007,354
8495,115
4681,100
4164,239
5527,810
2629,755
8753,901
20,436
6190,321
9705,794
8308,952
8002,139
3884,485
1043,246
7248,438
447,259
188,314
6037,211
382,48
7637,673
852,905
2088,839
9215,795
8207,42
9714,358
5325,211
7601,512
5919,610
4955,79
2603,855
5636,311
6768,779
2465,528
1836,917
4478,776
2765,212
8087,551
2386,728
9010,453
1540,633
9278,397
7192,270
8607,919
4444,154
4179,228
2514,569
6919,757
1419,193
23,821
9677,15
5773,696
8178,13
9731,899
9514,10
5539,383
3871,316
8906,501
9671,9
8508,143
6250,877
7997,252
9980,245
8863,740
9446,69
5366,706
4338,529
3135,19
8259,658
4115,354
6874,702
5763,654
8141,266
1735,309
2290,870
8668,355
8423,663
3027,22
3730,587
7172,285
139,823
6389,698
3804,315
8784,479
7370,907
8109,561
7009,562
3851,177
4901,60
5545,586
668,303
7986,743
1382,235
8795,642
2977,408
8305,935
7344,926
5295,410
6023,322
4752,224
2473,961
7006,71
8281,329
7714,462
7116,70
466,976
519,225
3137,949
4011,922
832,992
9377,690
6636,572
9067,110
8681,869
5322,132
2535,341
1926,111
3232,631
9376,195
6157,14
50,306
5287,279
681,536
5205,718
9031,60
7296,406
4897,178
213,676
3165,356
3756,90
5927,934
2134,656
4439,353
9983,220
8950,230
1369,823
7964,713
6689,28
8637,155
4302,249
7612,618
2196,215
8897,598
13,995
7054,250
5085,24
5693,283
7937,540
6841,369
2593,95
7790,285
2199,255
7510,366
61,954
9682,142
7475,957
7225,272
8830,928
4148,481
6235,651
3637,572
2070,646
1910,699
7579,830
8329,450
8157,290
1111,851
2133,112
4060,138
877,484
74,967
1605,388
1403,966
9716,679
758,535
9220,907
5862,103
4890,560
9473,421
3649,461
5880,263
1696,224
4323,971
2954,37
8745,387
8865,914
3991,140
9554,372
6836,555
8384,997
3334,575
9084,959
6330,405
7006,256
6436,408
7282,520
6035,436
1691,174
4150,652
7814,449
9075,416
7821,170
426,882
9517,735
6061,33
5689,298
9838,426
1683,368
8166,680
8480,227
6868,512
2288,554
5563,611
430,710
5051,995
977,636
4230,378
9691,178
7429,486
3494,157
6878,200
9162,143
4447,824
4742,352
4756,762
9877,353
5981,998
4219,314
8292,594
4373,71
1283,540
8997,738
8989,424
8211,271
2660,925
6983,881
4194,906
774,38
8754,492
8713,119
3449,3
6947,591
6181,380
223,870
4780,190
9265,570
1532,273
4776,195
8227,982
583,547
6975,917
6336,110
9851,825
9780,581
630,624
1581,248
4358,882
6961,567
1792,134
9187,982
7993,310
2700,153
2763,603
7448,999
4955,564
6481,925
3092,899
2583,731
2328,60
8438,86
3190,911
5747,963
1570,629
5727,242
5598,904
6897,761
3746,767
6184,574
2903,90
6351,80
1315,770
8440,390
7260,284
8937,996
1164,258
9451,38
1498,567
1679,611
1657,944
3737,65
8046,220
7027,508
628,854
8525,969
1002,721
4214,49
7216,760
8029,607
4623,97
6553,744
3524,452
8358,307
8257,773
5280,761
8859,300
2257,739
5643,651
1557,64
9356,584
8546,993
1503,372
877,360
8396,142
2645,105
2306,497
5506,309
4393,441
9008,377
9884,711
2696,397
4149,148
1880,53
3029,39
7323,826
6625,519
6133,213
7251,667
1927,69
8837,733
2343,868
2811,335
5936,197
2330,508
4800,664
4761,309
1258,285
5651,950
7977,615
8380,462
2952,64
7453,104
1585,310
3810,594
2603,27
1824,436
3187,321
8652,919
659,835
1918,331
9682,121
4702,557
1314,487
7778,676
3845,493
9336,544
9009,729
4896,146
8357,982
5796,754
8175,461
6222,686
480,962
21,207
8199,428
3968,148
2416,945
6460,497
1845,747
7470,9
802,690
465,603
3691,863
766,494
9162,727
670,336
5901,11
1661,682
808,166
6149,172
2470,950
6821,338
4565,12
6325,864
5835,482
6037,7
9541,351
9374,374
1493,930
9385,298
9816,966
467,559
2866,398
10,796
3207,284
909,722
9337,113
1853,808
6194,208
4793,577
8115,857
986,695
737,679
9692,717
788,322
6831,278
9986,559
7868,186
6283,359
2661,870
3004,466
3019,853
2305,259
8943,347
8582,931
8686,59
67,841
6612,45
5147,305
6421,118
1977,107
2959,481
6396,697
777,234
3091,250
32,954
9478,245
3045,162
3023,636
1562,33
8070,830
9071,90
1554,938
7469,300
3227,491
8574,712
694,889
7006,344
1274,81
6031,294
5778,705
4003,698
1552,24
9403,150
3274,872
2344,868
4735,295
9142,388
5502,439
2662,841
7940,681
5264,339
2999,118
3646,170
5796,953
